244
29
34
46
52
58
65
72
84
180
183
228
229
234
270
275
298
313
362
394
398
407
432
435
462
466
506
527
545
560
571
588
655
727
728
730
780
803
808
829
849
852
911
949
967
975
981
985
992
1010
1054
1067
1075
1124
1129
1187
1209
1213
1215
1217
1222
1271
1286
1325
1330
1333
1339
1343
1349
1359
1393
1401
1403
1409
1440
1451
1474
1499
1611
1616
1628
1705
1758
1767
1798
1820
1825
1830
1839
1843
1873
1879
1911
1935
2015
2035
2039
2067
2078
2120
2130
2133
2141
2142
2190
2216
2218
2270
2275
2310
2321
2357
2382
2397
2413
2438
2481
2499
2501
2504
2534
2547
2613
2619
2620
2621
2626
2628
2649
2682
2689
2692
2703
2717
2729
2731
2744
2749
2774
2795
2797
2839
2840
2841
2876
2908
2928
2967
2968
3004
3012
3016
3071
3072
3100
3139
3174
3194
3232
3266
3270
3272
3318
3328
3337
3350
3369
3378
3392
3425
3426
3446
3497
3576
3584
3590
3645
3654
3676
3685
3695
3706
3729
3740
3743
3745
3746
3753
3754
3759
3844
3849
3853
3908
3947
3965
3992
3999
4016
4025
4045
4065
4106
4121
4156
4168
4171
4174
4185
4213
4226
4227
4232
4255
4273
4296
4309
4329
4360
4381
4407
4476
4527
4547
4621
4653
4674
4693
4702
4761
4784
4785
4792
4800
4814
4842
4844
4855
4879
4888
4908
4925
4945
4950
4996
