2082
4
7
8
10
12
12
17
21
22
23
24
25
27
29
32
32
33
34
36
38
38
42
44
46
51
51
52
57
58
65
70
71
72
74
75
78
81
81
82
83
83
84
87
88
89
92
95
98
100
104
106
107
109
110
111
112
112
114
118
120
123
127
127
128
133
135
139
141
146
147
151
154
156
157
159
161
163
166
167
173
174
176
177
180
182
183
184
188
190
190
191
192
195
208
210
211
212
214
214
216
217
217
218
219
223
223
224
226
227
228
229
234
235
237
243
245
250
251
255
256
258
261
261
262
262
264
265
267
268
268
270
272
275
276
277
282
285
286
289
292
294
295
295
298
305
306
307
309
309
309
313
320
322
325
327
327
333
334
335
337
338
339
340
341
343
344
349
355
358
362
364
365
366
366
371
374
375
377
379
380
383
384
385
388
390
394
395
396
398
399
399
400
405
407
409
411
412
414
415
418
421
424
426
429
432
433
434
435
436
441
441
443
443
444
446
447
450
451
451
455
460
462
463
463
466
473
474
475
477
490
497
498
500
501
506
510
512
514
514
519
519
521
523
524
526
527
529
530
532
536
537
538
540
542
542
545
549
552
553
556
556
557
557
560
564
565
566
567
568
570
571
573
575
576
579
579
580
584
585
587
588
590
592
593
595
598
598
601
602
605
609
612
615
616
617
619
620
626
631
636
642
643
644
649
650
652
655
656
659
659
659
664
667
670
677
682
685
704
704
708
711
713
714
718
723
723
725
726
727
728
730
731
733
733
734
735
745
747
747
753
755
755
755
758
759
764
767
768
769
773
774
779
779
780
785
792
793
796
800
802
803
808
811
811
812
813
816
816
821
827
829
830
833
833
834
836
838
841
842
843
846
847
849
850
852
855
857
859
860
862
869
870
872
876
880
881
881
882
884
884
889
891
892
894
894
896
900
900
903
904
906
908
909
910
911
912
913
915
916
917
918
918
921
926
926
927
930
931
932
937
938
940
941
943
944
944
945
947
948
949
950
958
965
965
967
972
974
975
977
979
980
981
983
983
984
985
989
992
1003
1007
1010
1012
1015
1020
1020
1024
1024
1027
1028
1031
1033
1034
1036
1037
1039
1042
1042
1048
1050
1052
1053
1054
1055
1055
1056
1057
1057
1065
1067
1071
1075
1076
1077
1078
1079
1080
1082
1087
1088
1092
1094
1095
1096
1097
1098
1102
1103
1105
1108
1109
1113
1113
1124
1129
1131
1132
1135
1135
1139
1142
1146
1147
1149
1150
1153
1154
1154
1156
1163
1168
1170
1172
1173
1178
1179
1180
1183
1184
1185
1187
1188
1190
1196
1200
1206
1208
1209
1213
1215
1217
1218
1218
1222
1223
1225
1227
1229
1232
1232
1234
1234
1234
1236
1241
1249
1253
1253
1254
1258
1261
1268
1269
1270
1271
1272
1273
1275
1279
1279
1279
1286
1287
1289
1290
1290
1296
1306
1311
1312
1316
1318
1319
1322
1325
1326
1330
1333
1334
1336
1338
1339
1342
1343
1347
1349
1353
1353
1355
1359
1360
1362
1370
1371
1373
1374
1378
1378
1378
1379
1382
1384
1386
1390
1393
1394
1397
1398
1400
1401
1402
1402
1403
1404
1409
1410
1416
1416
1421
1424
1425
1429
1430
1431
1431
1433
1434
1436
1437
1439
1440
1442
1443
1446
1449
1449
1449
1450
1451
1457
1467
1467
1469
1469
1472
1473
1474
1478
1478
1479
1485
1486
1488
1489
1491
1492
1492
1494
1494
1495
1497
1498
1499
1501
1502
1505
1513
1515
1516
1518
1521
1523
1525
1525
1530
1533
1535
1537
1543
1548
1550
1551
1552
1554
1555
1560
1561
1562
1562
1563
1564
1571
1578
1579
1584
1587
1588
1589
1590
1594
1595
1599
1600
1602
1603
1605
1608
1610
1611
1613
1615
1616
1618
1618
1623
1624
1626
1626
1627
1628
1632
1633
1636
1638
1639
1642
1650
1651
1652
1655
1661
1662
1670
1671
1674
1674
1676
1677
1680
1683
1685
1686
1686
1689
1693
1699
1701
1705
1709
1711
1711
1713
1717
1719
1721
1725
1727
1729
1730
1733
1735
1738
1740
1744
1753
1753
1754
1756
1758
1760
1762
1763
1767
1771
1771
1779
1785
1789
1798
1802
1803
1806
1808
1809
1809
1815
1816
1818
1820
1822
1825
1828
1830
1831
1832
1833
1835
1839
1843
1850
1856
1856
1863
1865
1865
1873
1875
1878
1879
1880
1881
1884
1884
1885
1888
1888
1890
1891
1893
1896
1902
1911
1915
1916
1920
1921
1924
1925
1930
1932
1933
1934
1935
1936
1940
1942
1947
1956
1958
1961
1961
1962
1964
1965
1966
1975
1978
1983
1987
1988
1991
1993
1995
1996
1996
1997
1999
2010
2012
2015
2020
2021
2025
2029
2030
2031
2033
2034
2034
2035
2039
2041
2044
2047
2048
2048
2049
2050
2052
2055
2059
2059
2062
2066
2067
2068
2069
2070
2070
2071
2072
2075
2078
2079
2083
2086
2088
2090
2093
2093
2094
2101
2106
2108
2108
2111
2115
2117
2119
2120
2122
2123
2124
2128
2130
2131
2133
2135
2139
2139
2140
2141
2142
2143
2145
2147
2152
2152
2153
2155
2156
2161
2165
2168
2168
2169
2170
2171
2177
2179
2183
2188
2190
2192
2193
2196
2197
2207
2207
2208
2210
2215
2216
2218
2220
2222
2224
2228
2229
2232
2233
2238
2240
2245
2248
2252
2252
2254
2255
2257
2261
2267
2269
2270
2271
2275
2282
2288
2289
2291
2291
2293
2293
2293
2304
2306
2309
2310
2313
2315
2318
2318
2318
2320
2321
2323
2323
2328
2329
2334
2335
2344
2345
2345
2347
2348
2349
2350
2356
2357
2362
2362
2362
2364
2367
2368
2370
2370
2374
2379
2379
2380
2382
2385
2390
2392
2393
2393
2397
2401
2402
2408
2409
2411
2412
2413
2415
2416
2417
2419
2421
2425
2427
2430
2432
2433
2434
2436
2438
2442
2443
2445
2453
2454
2454
2456
2457
2457
2459
2459
2462
2467
2467
2468
2470
2477
2481
2483
2486
2490
2491
2491
2493
2494
2498
2499
2500
2501
2502
2503
2504
2509
2515
2517
2518
2522
2525
2533
2534
2536
2536
2538
2542
2545
2547
2548
2549
2551
2552
2555
2557
2562
2564
2565
2568
2572
2576
2577
2578
2583
2583
2584
2584
2585
2590
2591
2595
2598
2600
2601
2602
2603
2604
2607
2611
2612
2613
2618
2619
2620
2621
2622
2623
2626
2627
2627
2628
2629
2630
2633
2639
2640
2641
2642
2644
2649
2653
2655
2658
2662
2664
2671
2679
2682
2683
2686
2689
2692
2697
2698
2703
2705
2707
2709
2711
2712
2715
2716
2717
2725
2727
2729
2731
2733
2735
2735
2736
2741
2742
2744
2746
2749
2753
2755
2760
2763
2765
2770
2772
2773
2773
2774
2777
2782
2784
2788
2789
2790
2792
2795
2797
2798
2800
2809
2809
2811
2812
2814
2815
2822
2823
2825
2827
2827
2828
2831
2832
2835
2836
2839
2840
2841
2845
2849
2850
2850
2851
2861
2863
2865
2867
2868
2869
2876
2889
2889
2890
2892
2894
2897
2902
2903
2904
2906
2907
2908
2911
2914
2915
2918
2922
2922
2924
2924
2927
2928
2931
2932
2939
2940
2943
2945
2946
2949
2949
2951
2953
2957
2957
2961
2963
2967
2968
2969
2985
2986
2989
2993
2995
2995
3000
3000
3004
3005
3010
3012
3013
3013
3015
3015
3016
3019
3024
3024
3026
3027
3032
3034
3035
3045
3048
3048
3049
3051
3052
3054
3056
3057
3058
3061
3070
3071
3072
3077
3080
3080
3083
3087
3089
3090
3093
3094
3096
3099
3100
3102
3118
3120
3128
3130
3133
3135
3136
3139
3141
3145
3145
3157
3157
3157
3158
3159
3168
3171
3174
3180
3181
3183
3185
3187
3189
3190
3190
3191
3194
3195
3198
3202
3206
3208
3209
3210
3212
3215
3215
3217
3218
3224
3226
3229
3232
3238
3245
3246
3249
3250
3251
3251
3252
3253
3254
3254
3260
3261
3266
3268
3269
3269
3270
3272
3273
3286
3289
3290
3293
3293
3297
3302
3306
3307
3309
3318
3327
3328
3330
3334
3334
3336
3337
3338
3338
3339
3343
3347
3350
3358
3359
3366
3368
3368
3369
3371
3372
3375
3376
3377
3377
3378
3379
3380
3387
3391
3392
3393
3398
3399
3401
3403
3410
3412
3414
3420
3423
3424
3425
3426
3431
3433
3436
3438
3439
3445
3446
3447
3447
3449
3449
3455
3457
3459
3463
3468
3471
3476
3477
3485
3485
3486
3487
3489
3493
3493
3495
3497
3499
3499
3500
3502
3503
3506
3509
3512
3514
3518
3520
3522
3524
3530
3531
3535
3535
3536
3540
3544
3554
3559
3560
3563
3572
3574
3574
3575
3576
3582
3582
3583
3584
3585
3585
3590
3591
3594
3595
3596
3599
3602
3604
3605
3605
3606
3611
3614
3616
3618
3620
3620
3621
3625
3626
3626
3627
3630
3633
3634
3636
3636
3641
3643
3645
3649
3651
3651
3654
3657
3658
3660
3668
3669
3675
3675
3676
3685
3691
3691
3694
3695
3704
3704
3706
3710
3717
3729
3730
3740
3741
3742
3743
3744
3745
3746
3747
3749
3750
3753
3754
3755
3759
3760
3762
3763
3764
3769
3770
3773
3778
3780
3782
3784
3786
3787
3790
3801
3802
3802
3807
3810
3814
3815
3817
3823
3823
3825
3827
3830
3830
3843
3844
3846
3848
3849
3853
3855
3862
3864
3870
3874
3876
3877
3880
3883
3888
3890
3892
3894
3898
3899
3902
3903
3903
3908
3914
3915
3917
3918
3921
3921
3923
3925
3926
3927
3929
3930
3935
3936
3943
3944
3947
3955
3958
3960
3962
3963
3965
3970
3977
3981
3981
3984
3988
3991
3992
3994
3997
3999
4002
4002
4003
4004
4008
4010
4014
4015
4016
4018
4021
4025
4032
4032
4035
4045
4051
4056
4057
4060
4061
4061
4062
4065
4068
4068
4069
4069
4074
4077
4078
4078
4080
4081
4082
4084
4084
4092
4093
4096
4097
4106
4115
4115
4117
4119
4119
4120
4120
4121
4123
4125
4125
4126
4128
4133
4133
4134
4137
4142
4144
4148
4156
4160
4160
4161
4166
4168
4171
4172
4174
4176
4176
4179
4179
4184
4184
4185
4189
4193
4194
4195
4197
4199
4201
4202
4203
4204
4210
4212
4213
4218
4220
4221
4226
4227
4228
4229
4229
4232
4233
4234
4240
4241
4242
4245
4246
4247
4255
4258
4260
4261
4267
4270
4273
4278
4284
4285
4290
4291
4295
4296
4300
4301
4302
4303
4303
4305
4306
4309
4314
4315
4320
4324
4324
4325
4327
4328
4328
4329
4331
4337
4339
4339
4340
4342
4352
4360
4376
4376
4380
4381
4384
4389
4390
4392
4393
4395
4400
4402
4404
4405
4407
4411
4412
4416
4416
4422
4423
4424
4425
4425
4426
4435
4443
4444
4445
4446
4455
4456
4458
4460
4463
4464
4466
4469
4470
4474
4476
4487
4490
4492
4495
4496
4500
4500
4503
4503
4510
4513
4518
4520
4523
4527
4528
4531
4538
4541
4546
4546
4547
4551
4552
4554
4557
4559
4559
4562
4565
4567
4569
4574
4579
4579
4582
4584
4584
4587
4588
4590
4593
4593
4594
4595
4603
4605
4610
4615
4618
4621
4625
4636
4637
4637
4639
4645
4649
4651
4653
4658
4662
4664
4670
4673
4674
4684
4693
4694
4694
4697
4699
4700
4702
4705
4708
4709
4709
4713
4722
4722
4723
4725
4727
4729
4730
4733
4733
4733
4737
4737
4738
4740
4741
4747
4750
4750
4751
4752
4753
4756
4761
4763
4765
4765
4767
4772
4773
4781
4784
4785
4787
4788
4788
4790
4792
4795
4797
4798
4798
4798
4800
4802
4802
4802
4806
4807
4811
4814
4816
4818
4825
4825
4828
4830
4832
4842
4844
4846
4847
4850
4855
4859
4859
4860
4862
4863
4866
4869
4869
4870
4877
4877
4878
4879
4880
4883
4885
4888
4889
4894
4900
4900
4902
4902
4905
4907
4908
4910
4912
4912
4917
4918
4922
4925
4927
4927
4931
4933
4934
4935
4935
4935
4940
4944
4945
4946
4950
4952
4954
4955
4956
4959
4961
4963
4964
4971
4978
4980
4981
4983
4984
4985
4987
4988
4988
4989
4991
4995
4996
